1304	4021	张晓宸	293.0	97.7
1307	7019	刘程望	291.0	97.0
1304	4028 	宇佳杨	290.0	96.7
1304	4027	张鑫	289.0	96.3
1305	5042	李家豪	288.0	96.0
1304	4047 	陈家旗	287.0	95.7
1303	3035 	彭欣怡	286.0	95.3
1303	3009 	龙锟祥	285.0	95.0
1303	3053 	李纯漪	284.0	94.7
1307	7025 	袁超	283.0	94.3
1306	6055 	孙玥	282.0	94.0
1305	5050 	黄崇瑞	281.0	93.7
1307	7041 	谭淑月	279.0	93.0
1306	6005 	唐嘉	278.0	92.7
1305	5032 	李杨	277.0	92.3
1306	6049	付哲	276.0	92.0
1303	3032	张思宁	275.0	91.7
1306	6016	谭丽芳	274.0	91.3
1303	3011	雷磊	273.0	91.0
1305	5001	田景锋	272.0	90.7
1307	7024	黄双武	271.0	90.3
1303	3028 	卜威	270.0	90.0
1306	6007 	吴伯璇	269.0	89.7
1306	6011	周怡	268.0	89.3
1307	7029	尹典	267.0	89.0
1307	7011	胡文轩	266.0	88.7
1304	4041	刘佳	265.0	88.3
1304	4056 	赵培廷	264.0	88.0
1306	6036	伍海镕	263.0	87.7
1305	5035	刘睿	262.0	87.3
1304	4018 	黄政文	261.0	87.0
1307	7022	欧泽岚	259.0	86.3
1306	6046 	宋雄斌	258.0	86.0
1306	6024	杨宗灏	257.0	85.7
1303	3027 	刘盛杨	256.0	85.3
1303	3046 	汪明星	255.0	85.0
1304	4032 	王禹儒	254.0	84.7
1306	6051 	唐毓剀	253.0	84.3
1306	6054	肖翔耀	252.0	84.0
1305	5003 	何亚男	251.0	83.7
1303	3056 	陶若涵	249.0	83.0
1306	6029 	白伟强	248.0	82.7
1305	5023	李茜	247.0	82.3
1307	7035 	徐珊珊	246.0	82.0
1304	4011 	雷佳桦	245.0	81.7
1306	6006 	黄忠港	243.0	81.0
1304	4048 	李娜	242.0	80.7
1303	3039 	杨策栋	241.0	80.3
1306	6019 	粟彦凯	240.0	80.0
1307	7016 	赵俊杰	236.0	78.7
1304	4036 	龙仲锴	235.0	78.3
1305	5034 	谢靓	234.0	78.0
1306	6050	谭楚宣	232.0	77.3
1307	7017 	李佳谚	231.0	77.0
1306	6025	龚珈明	230.0	76.7
1306	6040 	杨帅宏	229.0	76.3
1305	5037 	刘松	228.0	76.0
1307	7032	李鑫莉	227.0	75.7
1306	6018 	曾白宇	226.0	75.3
1304	4046 	彭湃	225.0	75.0
1306	6048 	文彬	224.0	74.7
1307	7008	周沁心	223.0	74.3
1307	7047	贺灿城	222.0	74.0
1305	5036	钟帅	220.0	73.3
1306	6013 	张浩然	219.0	73.0
1303	3051 	梁雨馨	218.0	72.7
1306	6015	李家杰	216.0	72.0
1306	6044 	胡园正	214.0	71.3
1306	6047	李佳荣	213.0	71.0
1307	7037	何宇	212.0	70.7
1307	7023	揭弘辉	208.0	69.3
1304	4040 	田明哲	206.0	68.7
1303	3048 	谢豪	203.0	67.7
1305	5016 	彭紫瑛	202.0	67.3
1305	5039	杨韬	200.0	66.7
1307	7053	张昊	197.0	65.7
1307	7033 	赵清岚	196.0	65.3
1303	3045 	刘简繁	191.0	63.7
1307	7034 	马怡欣	189.0	63.0
1306	6052 	王帅搏	186.0	62.0
1306	6012	黄子安	185.0	61.7
1306	6045	肖晨杰	184.0	61.3
1306	6014	谢辉	183.0	61.0
1305	5047 	吴万林	179.0	59.7
1307	7052 	向恺	177.0	59.0
1305	5015 	曹瑜洁	176.0	58.7
1304	4057 	吴锦添	168.0	56.0
1307	7036 	林展熠	167.0	55.7
1306	6027 	席腾	162.0	54.0
1304	4051	杨湘	161.0	53.7
1303	3050 	钟维	157.0	52.3
1307	7042 	余治昊	156.0	52.0
1307	7030 	游俊	153.0	51.0
1307	7013 	李怡娴	150.0	50.0
1305	5026 	黄虎森	146.0	48.7
1307	7015 	刘大为	134.0	44.7
1307	7049 	曹任冲	90.0	30.0
1306	6035 	李智鹏	62.0	20.7
