项目需求

我们取有一份学生五门课程的期末考试成绩数据，现在我们希望统计每个学生的总成绩和平均成绩。 样本数据如下所示，每行数据的数据格式为：学号、姓名、语文成绩、数学成绩、英语成绩、物理成绩、化学成绩。

19020090040 秦心芯 123 131 100 95 100

19020090006 李磊    99  92  100 90 100

19020090017 唐一建 90  99  100  89 95

19020090031 曾丽丽 100 99   97  79 96

19020090013 罗开俊 105 115  94  45 100

19020090039 周世海 114 116  93  31 97

19020090020 王正伟 109  98  88  47 99

19020090025 谢瑞彬 94  120  100 50 73

19020090007 于微     89   78  100 66 99

19020090012 刘小利  87  82   89 71 99

需要编写程序，实现自定义输入并求出每个学生的总成绩和平均成绩。 自定义ScoreWritable 类实现 WritableComparable 接口，将学生各门成绩封装起来，要求maptask直接读取ScoreWritable作为v1

第一步：为了便于每个学生学习成绩的计算，这里我们需要自定义一个 ScoreWritable 类实现 WritableComparable 接口，将学生各门成绩封装起来。